     1552     2476       0.27
     1553     2474       0.28
     1553     2476       0.18
     1554     2477       0.28
     1555     2473       0.28
     1555     2476       0.25
     1555     2477       0.18
     1555     2478       0.27
     1555     2479       0.28
     1557     2479       0.27
     1558     2477       0.29
     1558     2478       0.26
     1558     2479       0.17
     1585     2446       0.27
     1586     2444       0.28
     1586     2446       0.18
     1587     2446       0.29
     1587     2447       0.29
     1588     2443       0.28
     1588     2444       0.30
     1588     2446       0.24
     1588     2447       0.19
     1588     2448       0.28
     1588     2449       0.30
     1590     2449       0.28
     1591     2447       0.28
     1591     2448       0.27
     1591     2449       0.18
     1618     2416       0.27
     1619     2414       0.29
     1619     2416       0.19
     1620     2416       0.29
     1620     2417       0.29
     1621     2413       0.28
     1621     2414       0.29
     1621     2416       0.24
     1621     2417       0.19
     1621     2418       0.28
     1623     2419       0.28
     1624     2417       0.28
     1624     2418       0.26
     1624     2419       0.18
     1651     2386       0.29
     1652     2386       0.20
     1653     2387       0.30
     1654     2383       0.29
     1654     2386       0.25
     1654     2387       0.20
     1654     2388       0.29
     1654     2389       0.30
     1656     2389       0.28
     1657     2387       0.28
     1657     2388       0.26
     1657     2389       0.18
     1687     2354       0.29
     1688     2354       0.21
     1689     2355       0.29
     1690     2351       0.29
     1690     2354       0.26
     1690     2355       0.19
     1690     2356       0.28
     1690     2357       0.27
     1692     2357       0.29
     1716     2324       0.28
     1717     2324       0.20
     1718     2324       0.29
     1718     2325       0.29
     1719     2321       0.28
     1719     2322       0.29
     1719     2324       0.24
     1719     2325       0.19
     1719     2326       0.28
     1721     2327       0.27
     1722     2325       0.27
     1722     2326       0.25
     1722     2327       0.18
     1749     2295       0.29
     1752     2293       0.22
     1752     2295       0.27
     1753     2294       0.29
     1753     2295       0.19
     1754     2295       0.27
     1755     2295       0.26
     1755     2297       0.28
     1785     2260       0.21
     1786     2261       0.29
     1787     2257       0.29
     1787     2260       0.28
     1787     2261       0.19
     1787     2262       0.26
     1787     2263       0.26
     1789     2263       0.28
     1816     2228       0.30
     1817     2228       0.22
     1818     2229       0.29
     1819     2225       0.28
     1819     2226       0.30
     1819     2228       0.25
     1819     2229       0.19
     1819     2230       0.28
     1819     2231       0.28
     1821     2231       0.27
     1845     2198       0.29
     1846     2198       0.21
     1848     2198       0.25
     1848     2199       0.21
     1848     2200       0.30
     1850     2201       0.30
     1851     2199       0.30
     1851     2200       0.29
     1851     2201       0.21
     1882     2166       0.22
     1883     2167       0.28
     1884     2163       0.28
     1884     2166       0.26
     1884     2167       0.18
     1884     2168       0.27
     1884     2169       0.27
     1886     2169       0.26
     1914     2134       0.21
     1915     2135       0.28
     1916     2131       0.28
     1916     2134       0.27
     1916     2135       0.18
     1916     2136       0.26
     1916     2137       0.26
     1918     2137       0.26
     1942     2101       0.28
     1943     2099       0.30
     1943     2101       0.29
     1945     2098       0.28
     1945     2099       0.20
     1945     2100       0.29
     1945     2101       0.24
     1946     2100       0.29
     1946     2101       0.19
     1946     2104       0.27
     1947     2101       0.28
     1947     2104       0.25
     1948     2103       0.27
     1948     2104       0.17
