       15      939       0.28
       16      937       0.28
       16      939       0.18
       17      940       0.29
       18      936       0.29
       18      939       0.26
       18      940       0.19
       18      941       0.27
       18      942       0.28
       20      942       0.28
       21      940       0.30
       21      941       0.27
       21      942       0.18
       48      909       0.27
       49      907       0.28
       49      909       0.18
       50      909       0.29
       50      910       0.29
       51      906       0.28
       51      907       0.29
       51      909       0.24
       51      910       0.19
       51      911       0.28
       51      912       0.30
       53      912       0.28
       54      910       0.28
       54      911       0.26
       54      912       0.18
       81      879       0.27
       82      877       0.29
       82      879       0.19
       83      879       0.29
       83      880       0.29
       84      876       0.28
       84      877       0.29
       84      879       0.23
       84      880       0.19
       84      881       0.28
       86      882       0.28
       87      880       0.27
       87      881       0.26
       87      882       0.18
      114      849       0.29
      115      817       0.29
      115      849       0.20
      116      850       0.29
      117      846       0.29
      117      849       0.25
      117      850       0.19
      117      851       0.28
      117      852       0.29
      119      852       0.27
      120      850       0.28
      120      851       0.26
      120      852       0.18
      150      817       0.29
      151      817       0.21
      152      818       0.29
      153      814       0.29
      153      817       0.25
      153      818       0.19
      153      819       0.28
      153      820       0.28
      155      820       0.29
      179      787       0.28
      180      785       0.30
      180      787       0.20
      181      787       0.29
      181      788       0.29
      182      784       0.28
      182      785       0.29
      182      787       0.24
      182      788       0.19
      182      789       0.28
      184      790       0.27
      185      788       0.27
      185      789       0.25
      185      790       0.18
      212      758       0.29
      213      723       0.28
      215      721       0.27
      215      722       0.29
      215      723       0.27
      215      756       0.22
      215      758       0.27
      216      757       0.29
      216      758       0.19
      217      758       0.27
      218      758       0.26
      218      760       0.28
      248      723       0.22
      249      724       0.29
      250      720       0.29
      250      723       0.27
      250      724       0.19
      250      725       0.27
      250      726       0.26
      252      726       0.28
      279      691       0.30
      280      691       0.22
      281      692       0.29
      282      688       0.28
      282      691       0.25
      282      692       0.19
      282      693       0.28
      282      694       0.28
      284      694       0.27
      308      661       0.29
      309      629       0.29
      309      661       0.21
      311      661       0.26
      311      662       0.21
      314      663       0.29
      314      664       0.21
      345      597       0.30
      345      629       0.23
      346      630       0.29
      347      626       0.29
      347      629       0.26
      347      630       0.19
      347      631       0.27
      347      632       0.27
      349      632       0.27
      377      597       0.22
      378      598       0.28
      379      594       0.29
      379      597       0.27
      379      598       0.18
      379      599       0.26
      379      600       0.25
      381      600       0.26
      405      564       0.28
      406      562       0.29
      406      564       0.29
      408      533       0.29
      408      561       0.28
      408      562       0.19
      408      563       0.29
      408      564       0.24
      409      563       0.28
      409      564       0.19
      409      567       0.27
      410      564       0.28
      410      567       0.25
      411      564       0.30
      411      566       0.27
      411      567       0.17
