     1555     2479       0.27
     1556     2477       0.28
     1556     2479       0.18
     1557     2480       0.29
     1558     2476       0.28
     1558     2479       0.25
     1558     2480       0.19
     1558     2481       0.27
     1558     2482       0.28
     1560     2482       0.28
     1561     2480       0.29
     1561     2481       0.27
     1561     2482       0.18
     1588     2449       0.27
     1589     2447       0.28
     1589     2449       0.18
     1590     2449       0.29
     1590     2450       0.29
     1591     2446       0.28
     1591     2447       0.30
     1591     2449       0.24
     1591     2450       0.19
     1591     2451       0.28
     1591     2452       0.30
     1593     2452       0.29
     1594     2450       0.29
     1594     2451       0.27
     1594     2452       0.19
     1621     2419       0.27
     1622     2417       0.28
     1622     2419       0.18
     1623     2419       0.29
     1623     2420       0.29
     1624     2416       0.28
     1624     2417       0.30
     1624     2419       0.24
     1624     2420       0.19
     1624     2421       0.28
     1624     2422       0.30
     1626     2422       0.28
     1627     2420       0.28
     1627     2421       0.27
     1627     2422       0.18
     1654     2389       0.29
     1655     2389       0.20
     1656     2390       0.30
     1657     2386       0.29
     1657     2389       0.25
     1657     2390       0.20
     1657     2391       0.29
     1657     2392       0.30
     1659     2392       0.28
     1660     2390       0.29
     1660     2391       0.26
     1660     2392       0.18
     1690     2357       0.29
     1691     2355       0.30
     1691     2357       0.20
     1692     2358       0.29
     1693     2354       0.28
     1693     2357       0.25
     1693     2358       0.19
     1693     2359       0.28
     1693     2360       0.28
     1695     2360       0.29
     1719     2327       0.28
     1720     2325       0.29
     1720     2327       0.19
     1721     2327       0.29
     1721     2328       0.29
     1722     2324       0.28
     1722     2325       0.30
     1722     2327       0.24
     1722     2328       0.19
     1722     2329       0.28
     1722     2330       0.30
     1724     2330       0.29
     1725     2328       0.28
     1725     2329       0.26
     1725     2330       0.19
     1752     2298       0.29
     1753     2263       0.29
     1755     2261       0.29
     1755     2263       0.29
     1755     2295       0.30
     1755     2296       0.21
     1755     2298       0.26
     1756     2297       0.29
     1756     2298       0.19
     1757     2298       0.28
     1758     2298       0.27
     1758     2300       0.29
     1788     2263       0.21
     1789     2264       0.29
     1790     2260       0.30
     1790     2263       0.28
     1790     2264       0.19
     1790     2265       0.27
     1790     2266       0.26
     1792     2266       0.29
     1820     2231       0.22
     1822     2228       0.30
     1822     2231       0.25
     1822     2232       0.20
     1822     2233       0.29
     1822     2234       0.29
     1824     2234       0.29
     1848     2201       0.29
     1849     2199       0.30
     1849     2201       0.20
     1851     2198       0.30
     1851     2201       0.25
     1851     2202       0.21
     1851     2203       0.30
     1853     2204       0.30
     1854     2202       0.29
     1854     2203       0.28
     1854     2204       0.20
     1885     2169       0.22
     1886     2170       0.29
     1887     2166       0.29
     1887     2169       0.27
     1887     2170       0.19
     1887     2171       0.27
     1887     2172       0.26
     1889     2172       0.27
     1916     2137       0.29
     1917     2137       0.21
     1918     2138       0.29
     1919     2134       0.29
     1919     2137       0.26
     1919     2138       0.19
     1919     2139       0.27
     1919     2140       0.27
     1921     2140       0.28
     1945     2104       0.28
     1946     2102       0.29
     1946     2104       0.29
     1948     2101       0.27
     1948     2102       0.19
     1948     2103       0.29
     1948     2104       0.24
     1949     2103       0.28
     1949     2104       0.18
     1949     2107       0.28
     1950     2104       0.28
     1950     2107       0.26
     1951     2104       0.30
     1951     2106       0.27
     1951     2107       0.18
