     3093     4017       0.25
     3094     4015       0.25
     3094     4017       0.15
     3095     4017       0.29
     3095     4018       0.25
     3096     4014       0.25
     3096     4015       0.29
     3096     4017       0.25
     3096     4018       0.15
     3096     4019       0.23
     3096     4020       0.26
     3098     4020       0.23
     3099     4018       0.27
     3099     4019       0.23
     3099     4020       0.13
     3100     4020       0.30
     3126     3987       0.26
     3127     3985       0.27
     3127     3987       0.17
     3128     3987       0.28
     3128     3988       0.29
     3129     3984       0.28
     3129     3985       0.29
     3129     3987       0.23
     3129     3988       0.19
     3129     3989       0.29
     3131     3990       0.29
     3132     3988       0.28
     3132     3989       0.27
     3132     3990       0.19
     3159     3957       0.25
     3160     3955       0.26
     3160     3957       0.16
     3161     3957       0.29
     3161     3958       0.27
     3162     3954       0.27
     3162     3955       0.30
     3162     3957       0.25
     3162     3958       0.18
     3162     3959       0.26
     3162     3960       0.28
     3164     3960       0.28
     3165     3958       0.29
     3165     3959       0.27
     3165     3960       0.18
     3192     3927       0.28
     3193     3895       0.29
     3193     3925       0.29
     3193     3927       0.19
     3194     3927       0.30
     3194     3928       0.28
     3195     3924       0.28
     3195     3925       0.30
     3195     3927       0.24
     3195     3928       0.18
     3195     3929       0.27
     3195     3930       0.29
     3197     3930       0.26
     3198     3928       0.27
     3198     3929       0.24
     3198     3930       0.16
     3228     3895       0.29
     3229     3893       0.29
     3229     3895       0.20
     3230     3896       0.28
     3231     3892       0.30
     3231     3895       0.29
     3231     3896       0.19
     3231     3897       0.25
     3231     3898       0.24
     3233     3898       0.29
     3257     3865       0.28
     3258     3863       0.30
     3258     3865       0.20
     3259     3865       0.29
     3259     3866       0.29
     3260     3862       0.28
     3260     3863       0.29
     3260     3865       0.23
     3260     3866       0.19
     3260     3867       0.28
     3261     3898       0.29
     3262     3868       0.27
     3262     3897       0.29
     3262     3899       0.29
     3263     3866       0.26
     3263     3867       0.25
     3263     3868       0.18
     3263     3899       0.29
     3264     3899       0.29
     3265     3898       0.30
     3290     3836       0.29
     3291     3834       0.30
     3293     3833       0.29
     3293     3834       0.20
     3293     3836       0.27
     3294     3835       0.29
     3294     3836       0.19
     3295     3836       0.28
     3296     3836       0.27
     3325     3801       0.27
     3326     3799       0.28
     3326     3801       0.18
     3327     3802       0.28
     3328     3798       0.28
     3328     3801       0.26
     3328     3802       0.18
     3328     3803       0.27
     3328     3804       0.27
     3330     3804       0.29
     3357     3769       0.27
     3358     3767       0.29
     3358     3769       0.19
     3359     3769       0.28
     3359     3770       0.27
     3360     3766       0.25
     3360     3767       0.27
     3360     3769       0.22
     3360     3770       0.17
     3360     3771       0.28
     3360     3772       0.29
     3362     3772       0.25
     3386     3739       0.26
     3387     3707       0.29
     3387     3737       0.29
     3387     3739       0.19
     3388     3739       0.26
     3388     3740       0.28
     3389     3736       0.26
     3389     3737       0.26
     3389     3739       0.21
     3389     3740       0.18
     3389     3741       0.29
     3391     3742       0.26
     3392     3740       0.24
     3392     3741       0.23
     3392     3742       0.17
     3393     3742       0.30
     3422     3707       0.27
     3423     3673       0.29
     3423     3675       0.27
     3423     3705       0.27
     3423     3707       0.18
     3424     3707       0.30
     3424     3708       0.27
     3425     3704       0.27
     3425     3705       0.30
     3425     3707       0.25
     3425     3708       0.17
     3425     3709       0.26
     3425     3710       0.26
     3427     3710       0.27
     3455     3673       0.29
     3455     3675       0.20
     3456     3676       0.28
     3457     3672       0.30
     3457     3676       0.18
     3457     3677       0.24
     3457     3678       0.23
     3459     3678       0.28
     3483     3642       0.28
     3484     3640       0.27
     3486     3639       0.27
     3486     3640       0.17
     3486     3642       0.26
     3487     3641       0.28
     3487     3642       0.18
     3487     3645       0.29
     3488     3642       0.26
     3488     3645       0.26
     3489     3642       0.27
     3489     3644       0.27
     3489     3645       0.17
