     1554     2478       0.28
     1555     2476       0.28
     1555     2478       0.18
     1556     2479       0.29
     1557     2475       0.29
     1557     2478       0.26
     1557     2479       0.19
     1557     2480       0.27
     1557     2481       0.28
     1559     2481       0.28
     1560     2479       0.30
     1560     2480       0.27
     1560     2481       0.18
     1587     2448       0.27
     1588     2446       0.28
     1588     2448       0.18
     1589     2448       0.29
     1589     2449       0.29
     1590     2445       0.28
     1590     2446       0.29
     1590     2448       0.24
     1590     2449       0.19
     1590     2450       0.28
     1590     2451       0.30
     1592     2451       0.28
     1593     2449       0.28
     1593     2450       0.26
     1593     2451       0.18
     1620     2418       0.27
     1621     2416       0.29
     1621     2418       0.19
     1622     2418       0.29
     1622     2419       0.29
     1623     2415       0.28
     1623     2416       0.29
     1623     2418       0.23
     1623     2419       0.19
     1623     2420       0.28
     1625     2421       0.28
     1626     2419       0.27
     1626     2420       0.26
     1626     2421       0.18
     1653     2388       0.29
     1654     2356       0.29
     1654     2388       0.20
     1655     2389       0.29
     1656     2385       0.29
     1656     2388       0.25
     1656     2389       0.19
     1656     2390       0.28
     1656     2391       0.29
     1658     2391       0.27
     1659     2389       0.28
     1659     2390       0.26
     1659     2391       0.18
     1689     2356       0.29
     1690     2356       0.21
     1691     2357       0.29
     1692     2353       0.29
     1692     2356       0.25
     1692     2357       0.19
     1692     2358       0.28
     1692     2359       0.28
     1694     2359       0.29
     1718     2326       0.28
     1719     2324       0.30
     1719     2326       0.20
     1720     2326       0.29
     1720     2327       0.29
     1721     2323       0.28
     1721     2324       0.29
     1721     2326       0.24
     1721     2327       0.19
     1721     2328       0.28
     1723     2329       0.27
     1724     2327       0.27
     1724     2328       0.25
     1724     2329       0.18
     1751     2297       0.29
     1752     2262       0.28
     1754     2260       0.27
     1754     2261       0.29
     1754     2262       0.27
     1754     2295       0.22
     1754     2297       0.27
     1755     2296       0.29
     1755     2297       0.19
     1756     2297       0.27
     1757     2297       0.26
     1757     2299       0.28
     1787     2262       0.22
     1788     2263       0.29
     1789     2259       0.29
     1789     2262       0.27
     1789     2263       0.19
     1789     2264       0.27
     1789     2265       0.26
     1791     2265       0.28
     1818     2230       0.30
     1819     2230       0.22
     1820     2231       0.29
     1821     2227       0.28
     1821     2230       0.25
     1821     2231       0.19
     1821     2232       0.28
     1821     2233       0.28
     1823     2233       0.27
     1847     2200       0.29
     1848     2168       0.29
     1848     2200       0.21
     1850     2200       0.26
     1850     2201       0.21
     1853     2202       0.29
     1853     2203       0.21
     1884     2136       0.30
     1884     2168       0.23
     1885     2169       0.29
     1886     2165       0.29
     1886     2168       0.26
     1886     2169       0.19
     1886     2170       0.27
     1886     2171       0.27
     1888     2171       0.27
     1916     2136       0.22
     1917     2137       0.28
     1918     2133       0.29
     1918     2136       0.27
     1918     2137       0.18
     1918     2138       0.26
     1918     2139       0.25
     1920     2139       0.26
     1944     2103       0.28
     1945     2101       0.29
     1945     2103       0.29
     1947     2072       0.29
     1947     2100       0.28
     1947     2101       0.19
     1947     2102       0.29
     1947     2103       0.24
     1948     2102       0.28
     1948     2103       0.19
     1948     2106       0.27
     1949     2103       0.28
     1949     2106       0.25
     1950     2103       0.30
     1950     2105       0.27
     1950     2106       0.17
