   2.7815000e+02  -1.7201046e+04  -1.7698584e+04  -1.6614405e+04  -1.6734403e+04  -1.6945407e+04  -1.4746045e+04  -1.6272843e+04  -1.4024604e+04
   2.8315000e+02  -1.6886689e+04  -1.7418032e+04  -1.6478227e+04  -1.6394677e+04  -1.6513308e+04  -1.4552210e+04  -1.5866077e+04  -1.3362915e+04
   2.8815000e+02  -1.6541250e+04  -1.6894365e+04  -1.6077973e+04  -1.5992589e+04  -1.6055327e+04  -1.3783151e+04  -1.5345665e+04  -1.2459964e+04
   2.9315000e+02  -1.6227372e+04  -1.6553867e+04  -1.5567217e+04  -1.5166437e+04  -1.5425222e+04  -1.2715555e+04  -1.3977003e+04  -1.0592993e+04
   2.9815000e+02  -1.5676173e+04  -1.5852092e+04  -1.4872873e+04  -1.3721961e+04  -1.4561094e+04  -1.0318616e+04  -1.1778128e+04  -8.0677718e+03
   3.0315000e+02  -1.4924096e+04  -1.4443703e+04  -1.3858348e+04  -1.0830118e+04  -1.2624585e+04  -7.3566810e+03  -8.2980418e+03  -5.6299454e+03
   3.0815000e+02  -1.3133306e+04  -1.1879079e+04  -1.1451564e+04  -6.9901117e+03  -9.4592969e+03  -5.2364232e+03  -5.3976192e+03  -4.1635131e+03
   3.1315000e+02  -9.8002029e+03  -8.3224910e+03  -8.0047385e+03  -4.7842717e+03  -6.3866574e+03  -4.0194287e+03  -4.0761643e+03  -3.6103696e+03
   3.1815000e+02  -6.4438168e+03  -5.8204128e+03  -5.4664090e+03  -4.1835808e+03  -5.1239343e+03  -3.7965618e+03  -3.6756405e+03  -3.6947385e+03
   3.2315000e+02  -4.8655420e+03  -4.5960690e+03  -4.1788601e+03  -4.0772619e+03  -4.2508502e+03  -3.6304891e+03  -3.7730332e+03  -3.6306362e+03
   3.2815000e+02  -4.2419599e+03  -4.3185418e+03  -4.0673666e+03  -4.0316242e+03  -4.1543949e+03  -3.7925521e+03  -3.7603233e+03  -3.6255305e+03
   3.3315000e+02  -4.1218453e+03  -4.2648114e+03  -3.9686805e+03  -4.1216071e+03  -3.9882214e+03  -3.9026623e+03  -3.7549483e+03  -3.7457219e+03
   3.3815000e+02  -4.0977789e+03  -4.2911416e+03  -3.9080456e+03  -4.1174698e+03  -4.0727254e+03  -3.9743550e+03  -3.9893858e+03  -3.7613307e+03
   3.4315000e+02  -4.2732716e+03  -4.4036024e+03  -4.0650595e+03  -4.1945911e+03  -4.2799858e+03  -4.0318265e+03  -4.0523267e+03  -3.8901889e+03
   3.4815000e+02  -4.3813063e+03  -4.7139746e+03  -4.0583777e+03  -4.3620829e+03  -4.3145799e+03  -4.1961193e+03  -4.0731394e+03  -4.1727320e+03
   3.5315000e+02  -4.5101846e+03  -4.6136991e+03  -4.3009970e+03  -4.6122283e+03  -4.4261153e+03  -4.3876463e+03  -4.3999382e+03  -4.2183767e+03
   3.5815000e+02  -4.5836755e+03  -4.4805372e+03  -4.4098387e+03  -4.5433758e+03  -4.4500437e+03  -4.3391132e+03  -4.3071250e+03  -4.2480791e+03
   3.6315000e+02  -4.6861316e+03  -4.7172319e+03  -4.4208492e+03  -4.5666919e+03  -4.6582556e+03  -4.4346975e+03  -4.3889073e+03  -4.3660884e+03
   3.6815000e+02  -4.6841671e+03  -4.8624477e+03  -4.4654061e+03  -4.6439716e+03  -4.7597613e+03  -4.4834460e+03  -4.4961568e+03  -4.2777701e+03
