   2.8115000e+02   2.1345639e+01
   2.8195000e+02   2.1517516e+01
   2.8275000e+02   2.1689398e+01
   2.8355000e+02   2.1843668e+01
   2.8435000e+02   2.1968249e+01
   2.8515000e+02   2.2106884e+01
   2.8595000e+02   2.2258926e+01
   2.8675000e+02   2.2419148e+01
   2.8755000e+02   2.2581483e+01
   2.8835000e+02   2.2759952e+01
   2.8915000e+02   2.2950845e+01
   2.8995000e+02   2.3145973e+01
   2.9075000e+02   2.3345844e+01
   2.9155000e+02   2.3628428e+01
   2.9235000e+02   2.4067387e+01
   2.9315000e+02   2.4165253e+01
   2.9395000e+02   2.4589793e+01
   2.9475000e+02   2.4881014e+01
   2.9555000e+02   2.5144876e+01
   2.9635000e+02   2.4489692e+01
   2.9715000e+02   2.5757274e+01
   2.9795000e+02   2.6421894e+01
   2.9875000e+02   2.6372877e+01
   2.9955000e+02   2.7689787e+01
   3.0035000e+02   2.7998094e+01
   3.0115000e+02   2.8832786e+01
   3.0195000e+02   2.9635833e+01
   3.0275000e+02   2.9960375e+01
   3.0355000e+02   3.1008320e+01
   3.0435000e+02   3.1837339e+01
   3.0515000e+02   3.2697022e+01
   3.0595000e+02   3.3604735e+01
   3.0675000e+02   3.4514588e+01
   3.0755000e+02   3.5307722e+01
   3.0835000e+02   3.6055535e+01
   3.0915000e+02   3.6725290e+01
   3.0995000e+02   3.7271927e+01
   3.1075000e+02   3.7688585e+01
   3.1155000e+02   3.7928005e+01
   3.1235000e+02   3.7966550e+01
   3.1315000e+02   3.7820212e+01
   3.1395000e+02   3.7473308e+01
   3.1475000e+02   3.6933907e+01
   3.1555000e+02   3.6244277e+01
   3.1635000e+02   3.5452686e+01
   3.1715000e+02   3.4592410e+01
   3.1795000e+02   3.3691846e+01
   3.1875000e+02   3.2792035e+01
   3.1955000e+02   3.1931390e+01
   3.2035000e+02   3.1136547e+01
   3.2115000e+02   3.0407373e+01
   3.2195000e+02   2.9770495e+01
   3.2275000e+02   2.9211510e+01
   3.2355000e+02   2.8731168e+01
   3.2435000e+02   2.8323029e+01
   3.2515000e+02   2.7968635e+01
   3.2595000e+02   2.7685454e+01
   3.2675000e+02   2.7447193e+01
   3.2755000e+02   2.7235079e+01
   3.2835000e+02   2.7077929e+01
   3.2915000e+02   2.6930985e+01
   3.2995000e+02   2.6826353e+01
   3.3075000e+02   2.6728631e+01
   3.3155000e+02   2.6655711e+01
   3.3235000e+02   2.6606813e+01
   3.3315000e+02   2.6575126e+01
   3.3395000e+02   2.6538437e+01
   3.3475000e+02   2.6506843e+01
   3.3555000e+02   2.6488035e+01
   3.3635000e+02   2.6483525e+01
   3.3715000e+02   2.6479702e+01
   3.3795000e+02   2.6487759e+01
   3.3875000e+02   2.6499613e+01
   3.3955000e+02   2.6508670e+01
   3.4035000e+02   2.6502489e+01
   3.4115000e+02   2.6515638e+01
   3.4195000e+02   2.6526736e+01
   3.4275000e+02   2.6525324e+01
   3.4355000e+02   2.6541625e+01
   3.4435000e+02   2.6539356e+01
   3.4515000e+02   2.6544288e+01
   3.4595000e+02   2.6558372e+01
   3.4675000e+02   2.6564820e+01
   3.4755000e+02   2.6577674e+01
   3.4835000e+02   2.6582501e+01
   3.4915000e+02   2.6592946e+01
   3.4995000e+02   2.6612854e+01
   3.5075000e+02   2.6622297e+01
   3.5155000e+02   2.6643370e+01
   3.5235000e+02   2.6661918e+01
   3.5315000e+02   2.6671253e+01
   3.5395000e+02   2.6666964e+01
   3.5475000e+02   2.6682999e+01
   3.5555000e+02   2.6700819e+01
   3.5635000e+02   2.6709574e+01
   3.5715000e+02   2.6708088e+01
   3.5795000e+02   2.6708713e+01
   3.5875000e+02   2.6704764e+01
   3.5955000e+02   2.6716901e+01
   3.6035000e+02   2.6741208e+01
   3.6115000e+02   2.6748549e+01
   3.6195000e+02   2.6755268e+01
   3.6275000e+02   2.6763328e+01
   3.6355000e+02   2.6763124e+01
   3.6435000e+02   2.6746880e+01
   3.6515000e+02   2.6754738e+01
   3.6595000e+02   2.6773446e+01
   3.6675000e+02   2.6785571e+01
   3.6755000e+02   2.6814010e+01
